,created_at,tweet_text
0,2015-09-27 19:25:55,"['felipearaujo', 'no', 'rodrigo', 'faro', 'emocionando', 'muito', 'horadofaro']"
1,2012-09-23 18:24:56,"['como', 'tem', 'gent', 'preconceituosa', 'ness', 'brasil', 'por', 'isso', 'que', 'o', 'juri', 'fica', 'de', 'costa', 'para', 'ver', 'o', 'talento', 'sem', 'julgar', 'a', 'imagem', 'thevoicebr']"
2,2012-09-23 18:04:42,"['tiagoleifert', 'você', 'está', 'me', 'emocionando', 'mai', 'que', 'muita', 'voze', 'no', 'the', 'voic', 'brasil', 'parabén']"
3,2012-07-09 01:39:58,"['sabrina', 'de', 'volta', 'no', 'tt']"
4,2012-07-09 01:39:36,"['vamo', 'lá', 'gent', 'sabrina']"
5,2012-07-09 01:39:00,['sabrina']
6,2012-07-09 01:35:19,['sabrinasato']
7,2012-07-09 01:33:48,"['sabrina', 'ela', 'tá', 'muito', 'arregona']"
8,2012-04-29 14:43:52,"['a', 'previsão', 'do', 'tempo', 'ontem', 'diss', 'q', 'hj', 'não', 'ia', 'chover', 'em', 'campo', 'grande55mm', 'só', 'durant', 'a', 'noit', 'e', 'continua', 'chovendo', 'kkk', 'imagina', 'se', 'foss', 'chover']"
9,2012-04-29 14:18:26,"['sonhopossivel', 'amorexcessivo', 'estou', 'seguindo', 'brim']"
10,2012-03-18 21:25:18,"['the', 'ml', 'season', 'kick', 'off', 'tuesday', 'march', '15', 'pledg', 'to', 'watch', 'with', 'a', 'friend', 'and', 'get', 'a', 'free', 'ml', 'tshirt', 'httptcobjk1ryxb']"
11,2012-03-07 03:53:10,"['fernandalima', 'leojaim', 'tvamoresexo', 'vou', 'sentir', 'muita', 'falta', 'do', 'programacada', 'vez', 'a', 'temporada', 'parec', 'mai', 'curtapodia', 'ter', 'o', 'ano', 'todo']"
12,2012-03-07 03:44:15,"['amoresexo', 'pra', 'variar', 'impagávelkkk']"
13,2012-02-08 03:08:33,"['amoresexo', 'leojaim', 'que', 'moral', 'heim', 'depoi', 'dess', 'comerci', 'olha', 'a', 'fila', 'na', 'porta', 'da', 'globo']"
14,2012-02-08 03:07:36,"['amoresexo', 'gentebom', 'demai']"
15,2012-02-08 02:53:09,"['tvamoresexo', 'mai', 'uma', 'vez', 'o', 'programa', 'está', 'ótimo']"
16,2012-01-31 15:12:24,"['httptcospa2jlvd', 'httptcoy9a2oggo']"
17,2012-01-08 17:28:31,"['ive', 'just', 'open', 'pucca', 'restaur', 'becom', 'my', 'neighbor', 'and', 'let', 'start', 'cook', 'free', 'social', 'game', 'on', 'app', 'store', 'httptcoycmfzhac']"
18,2011-12-13 13:05:01,"['nortesulplaza', 'bom', 'dia', 'alguma', 'novidad', 'sobr', 'a', 'inauguração', 'da', 'bk']"
19,2011-12-13 00:06:46,"['ive', 'just', 'open', 'pucca', 'restaur', 'becom', 'my', 'neighbor', 'and', 'let', 'start', 'cook', 'free', 'social', 'game', 'on', 'app', 'store', 'httptcoycmfzhac']"
20,2011-11-30 01:30:00,"['promorica', 'quero', 'a', 'camisa', 'magenta', 'gol', '100', 'do', 'rc', 'tamanho', 'gg']"
21,2011-10-20 01:10:25,"['conheça', 'o', 'clubedoricardo', 'oferta', 'com', 'até', '90', 'de', 'desconto', 'gol', '0km', 'por', 'r', '319000', 'particip', 'httptcogcln5f1n', 'via', 'clubedoricardo']"
22,2011-10-03 02:40:09,"['perdi', 'uma', 'part', 'do', 'programapanicopq', 'o', 'castigo', 'alfinet']"
23,2011-10-03 02:12:17,"['programapanico', 'embuscadacinturinhadozeca', 'boa', 'sort', 'e', 'força', 'bola']"
24,2011-10-03 02:10:38,"['programapanico', 'vou', 'com', 'o', 'bola', 'ness', 'desafio', 'vou', 'tentar', 'perder', 'os', '20', 'kg', 'tb', 'só', 'quem', 'está', 'acima', 'do', 'peso', 'sabe', 'o', 'quanto', 'é', 'difícil', 'emagrec']"
25,2011-08-15 02:38:28,"['andreeditor', 'na', 'minha', 'opnião', 'nem', 'a', 'juju', 'nem', 'nenhuma', 'panicat', 'deve', 'ser', 'punida', 'amizad', 'é', 'amizad']"
26,2011-06-29 04:09:57,"['leojaim', 'te', 'admiro', 'd', 'como', 'pessoa', 'e', 'depoi', 'do', 'amor', 'e', 'sexo', 'passei', 'a', 'admirar', 'ainda', 'mai', 'por', 'conhec', 'um', 'pouco', 'melhor', 'sua', 'idéia', 'beijão']"
27,2011-06-29 04:04:57,"['sair', 'de', 'quas', '40º', 'num', 'dia', 'para', '5º', 'no', 'outroquem', 'não', 'fica', 'doent', 'para', 'completar', 'a', 'previsão', 'agora', 'eh', 'chuva', 'e', 'geadaé', 'pra', 'acabar']"
28,2011-05-14 13:35:58,"['promoção', 'jafra', 'mari', 'kay', 'e', 'maub', 'preço', 'especiai', 'e', 'até', '3', 'veze', 'no', 'cartão', '67', '92290277']"
29,2011-05-10 21:12:58,"['apenasumamenina', 'tô', 'seguindo']"
30,2011-05-10 17:49:25,"['promoção', 'jafra', 'mari', 'kay', 'e', 'maub', 'preço', 'especiai', 'e', 'até', '3', 'veze', 'no', 'cartão', '67', '92290277']"
31,2011-04-06 02:50:22,"['cicerosmok', 'rsrsr', 'ando', 'meio', 'relapsa', 'com', 'meu', 'twitter', 'ma', 'estou', 'me', 'corrigindoo']"
32,2011-04-06 02:48:52,"['eu', 'adoro', 'os', 'mascot', 'da', 'minifazenda', 'e', 'quero', 'muito', 'ganhar', 'um', 'labrador', 'httpkingotoxij', 'promocãomf']"
33,2011-03-30 03:49:37,"['eh', 'foda', 'ess', 'fusofico', 'sabendo', 'que', 'a', 'maria', 'ganhou', 'pela', 'net', 'e', 'tem', 'que', 'esperar', 'mai', 'de', 'uma', 'hora', 'para', 'ver', 'a', 'cena', 'na', 'tvparec', 'q', 'n', 'to', 'no', 'br']"
34,2011-03-28 01:59:39,"['sou', 'um', 'chocolov', 'nestlé', 'e', 'adoraria', 'ganhar', 'uma', 'lata', 'de', 'especialidad', 'nestlé', 'spfc', 'nesta', 'páscoa', 'httpgooglc7wbt']"
35,2011-02-02 03:29:47,"['amoresexo', 'já', 'acab', 'e', 'o', 'sono', 'tb', 'já', 'chegouboa', 'noit', 'tt', 'bju']"
36,2011-02-02 03:26:13,"['progamoresexo', 'por', 'nadavc', 'estao', 'de', 'parabén', 'o', 'programa', 'de', 'hoje', 'foi', 'o', 'melhor', 'bom', 'd', 'amoresexo']"
37,2011-02-02 03:19:25,"['brugasqu', 'fing', 'que', 'vc', 'está', 'no', 'ms', 'aqui', 'ainda', 'tá', 'passando', 'amoresexo', 'kkkkk']"
38,2011-02-02 03:14:21,"['ohmybec', 'eh', 'gaym', 'mesmokkkkk', 'bom', 'd']"
39,2011-02-02 03:10:59,"['amoresexo', 'não', 'eh', 'depravação', 'nenhuma', 'a', 'cléo', 'soh', 'eh', 'uma', 'mulher', 'muito', 'segura', 'e', 'corajosa', 'amei']"
40,2011-02-02 03:07:45,"['bom', 'd', 'amoresexo']"
41,2011-02-02 03:06:09,"['leojaim', 'no', 'amor', 'e', 'sexo', 'ninguém', 'dá', 'o', 'loló', 'para', 'agradar', 'a', 'família']"
42,2011-01-26 23:42:06,"['televisaomorena', 'no', 'mstv1', 'ed', 'de', 'hoje', 'vc', 'passaram', 'um', 'telefon', 'da', 'prefeitura', 'na', 'reportagem', 'sobr', 'terreno', 'podem', 'me', 'passar', 'ess', 'numero', 'pfavor']"
43,2010-12-14 02:33:02,"['ive', 'earn', 'the', 'level', '2', 'rise', 'don', 'achiev', 'in', 'mobsterworld', 'beat', 'me', 'in', 'the', 'game']"
44,2010-12-14 02:29:02,"['ive', 'just', 'been', 'promot', 'to', 'level', '68', 'in', 'mobsterworld', 'beat', 'me', 'in', 'the', 'game']"
45,2010-12-14 02:29:02,"['ive', 'just', 'been', 'promot', 'to', 'level', '68', 'in', 'mobsterworld', 'beat', 'me', 'in', 'the', 'game']"
46,2010-12-14 02:18:44,"['ehh', 'tempo', 'loucoontem', 'anoit', 'um', 'calor', 'insuportavelhoj', 'um', 'frioooooo', 'kkkk']"
47,2010-12-14 01:24:27,"['azeitona', 'preta', 'site', 'de', 'compra', 'coletiva', 'para', 'marília', 'e', 'campo', 'grand', 'httptco5yx1292', 'via', 'addthi']"
48,2010-11-29 13:07:29,"['franknujapa', 'acredito', 'que', 'naum', 'exista', 'hora', 'certa', 'para', 'se', 'comentar', 'sobr', 'coisa', 'que', 'estao', 'ai', 'para', 'todo', 'verem', 'ficar', 'calado', 'nao', 'resolv', 'nada']"
49,2010-11-29 11:55:40,"['patucortez', 'ele', 'esta', 'dando', 'a', 'opniao', 'dele', 'pq', 'eh', 'um', 'do', 'cabeca', 'da', 'campanha', 'de', 'combat', 'as', 'droga', 'naum', 'soh', 'no', 'rio', 'ma', 'no', 'brasil', 'todo']"
50,2010-11-29 11:54:01,"['franknujapa', 'pq', 'virar', 'seu', 'inimigorsrsr', 'o', 'programa', 'esta', 'muito', 'bom', 'e', 'o', 'leojaim', 'eh', 'super', 'inteligent', 'vale', 'a', 'pena', 'a', 'atencao']"
51,2010-11-29 11:49:33,"['leojaim', 'eu', 'jah', 'era', 'sua', 'fa', 'desd', 'a', 'minha', 'adolescencia', 'depoi', 'de', 'sua', 'palavra', 'no', 'mai', 'voce', 'me', 'tornei', 'ainda', 'mai', 'sua', 'fa']"
52,2010-11-23 22:31:06,"['ive', 'acquir', 'a', 'legendari', 'item', 'canal', 'trawler', 'in', 'mobsterworld', 'beat', 'me', 'in', 'the', 'game']"
53,2010-11-23 22:04:04,"['ive', 'acquir', 'a', 'legendari', 'item', 'imperza', 'ddr', 'in', 'mobsterworld', 'beat', 'me', 'in', 'the', 'game', 'httpbitly9kwt8']"
54,2010-11-23 22:03:04,"['ive', 'acquir', 'a', 'legendari', 'item', 'maverick', 'pump', 'shotgun', 'in', 'mobsterworld', 'beat', 'me', 'in', 'the', 'game', 'httpbitly9kwt8']"
55,2010-11-23 22:00:11,"['ive', 'acquir', 'a', 'legendari', 'item', '44', 'magnum', 'in', 'mobsterworld', 'beat', 'me', 'in', 'the', 'game']"
56,2010-11-23 21:44:12,"['quas', '19h', 'e', 'o', 'sol', 'rachando', 'no', 'ceu', 'do', 'msoooo', 'calor']"
57,2010-11-23 21:37:09,"['nokia', 'c3', 'euuu', 'querooo']"
58,2010-11-23 21:36:55,"['nokia', 'c3']"
59,2010-11-23 20:59:44,"['nokia', 'desafio']"
60,2010-11-23 20:59:28,['nokiad']
61,2010-11-23 20:58:01,['nokia']
62,2010-11-23 20:52:23,['nokia']
63,2010-11-23 20:51:50,"['eu', 'sigo', 'nokia']"
64,2010-11-23 20:51:29,"['nokia', 'sigam', 'nokiabrasil']"
65,2010-11-23 20:50:57,"['nokia', 'c3eu', 'queroooo']"
66,2010-11-23 20:50:07,"['desafio', 'nokia', 'c3eh', 'meuuuuu']"
67,2010-10-05 14:01:19,"['doouglaasl', 'tenta', 'baixar', 'o', 'trilian']"
68,2010-10-05 12:55:59,"['lourojos', 'outra', 'vc', 'acredita', 'em', 'amor', 'a', 'primeira', 'teclada']"
69,2010-10-05 12:54:20,"['lourojos', 'mai', 'uma', 'quer', 'navegar', 'comigo']"
70,2010-10-05 12:52:17,"['lourojos', 'cantada', 'virtual', 'você', 'não', 'sai', 'da', 'minha', 'memória', 'rsr']"
71,2010-09-18 20:36:12,"['eu', 'quero', 'doi', 'ingresso', 'para', 'a', 'stockcar', 'em', 'campo', 'grand']"
72,2010-08-13 13:09:27,"['luciano', 'bom', 'dia', 'estou', 'com', 'pronta', 'entrega', 'avon', 'jafra', 'e', 'jequiti', 'contato', 'por', 'tweet', 'ou', 'direct', 'messag', 'até', 'breve']"
73,2010-08-13 13:04:29,"['pessoal', 'de', 'campo', 'grand', 'ms', 'tenho', 'pronta', 'entrega', 'da', 'avon', 'jafra', 'jequiti', 'e', 'natura', 'principalment', 'perfum', 'enviem', 'direct', 'messag', 'bju']"
74,2010-08-13 13:02:27,"['mai', 'um', 'dia', 'tomando', 'soro', 'em', 'kza', 'e', 'mai', 'uma', 'frent', 'fria', 'chegandoooo', 'fim', 'de', 'semanasó', 'camaaa']"
75,2010-06-17 19:56:21,"['my', 'godfath', 'want', 'to', 'see', 'you', 'in', '140godfath', 'you', 'should', 'not', 'let', 'him', 'down', 'httpwww140godfathercommid4inviteuser15608607']"
76,2010-06-17 19:52:32,"['join', 'my', 'famili', 'in', '140godfath', 'httpwww140godfathercommid26inviteuser15608607']"
77,2010-04-24 20:57:31,"['de', 'volta', 'a', 'idad', 'da', 'pedrasem', 'netcompletament', 'alienadaeh', 'fffffffffffffff']"
78,2010-03-21 02:04:12,"['play', 'the', 'special', 'event', 'liquor', 'smuggl', 'in', '140godfath', 'httpwww140godfathercommid50']"
79,2010-03-21 02:04:10,"['help', 'me', 'to', 'ship', 'the', 'liquor', '100', 'legal', 'to', 'warehous', 'in', 'special', 'event', 'in', '140godfath', 'httpwww140godfathercommid49']"
80,2010-03-21 02:03:50,"['hit', 'level', '18', 'in', '140godfath', 'httpwww140godfathercommid29']"
81,2010-03-21 02:03:50,"['perform', 'warehous', 'burglari', 'and', 'earn', '45', 'in', '140godfath', 'httpwww140godfathercommid5']"
82,2010-03-21 02:03:49,"['my', 'godfath', 'want', 'to', 'see', 'you', 'in', '140godfath', 'you', 'should', 'not', 'let', 'him', 'down', 'httpwww140godfathercommid4inviteuser15608607']"
83,2010-03-21 02:02:39,"['poor', 'elquatro', 'is', 'it', 'the', '140th', 'time', 'i', 'beat', 'you', 'up', 'in', '140godfath', 'httpwww140godfathercommid7']"
84,2010-03-21 02:02:39,"['poor', 'diverofdark', 'is', 'it', 'the', '140th', 'time', 'i', 'beat', 'you', 'up', 'in', '140godfath', 'httpwww140godfathercommid7']"
85,2010-03-21 02:02:20,"['poor', 'timbucktoo1', 'is', 'it', 'the', '140th', 'time', 'i', 'beat', 'you', 'up', 'in', '140godfath', 'httpwww140godfathercommid7']"
86,2010-03-21 02:02:12,"['poor', 'chillyberri', 'is', 'it', 'the', '140th', 'time', 'i', 'beat', 'you', 'up', 'in', '140godfath', 'httpwww140godfathercommid7']"
87,2010-03-21 02:02:12,"['poor', 'jeraldaholcomb', 'is', 'it', 'the', '140th', 'time', 'i', 'beat', 'you', 'up', 'in', '140godfath', 'httpwww140godfathercommid7']"
88,2010-03-21 02:01:42,"['poor', 'vdvgelezyaka', 'is', 'it', 'the', '140th', 'time', 'i', 'beat', 'you', 'up', 'in', '140godfath', 'httpwww140godfathercommid7']"
89,2010-03-21 02:01:42,"['poor', 'mymov', 'is', 'it', 'the', '140th', 'time', 'i', 'beat', 'you', 'up', 'in', '140godfath', 'httpwww140godfathercommid7']"
90,2010-03-21 02:01:41,"['poor', 'gagaraven99', 'is', 'it', 'the', '140th', 'time', 'i', 'beat', 'you', 'up', 'in', '140godfath', 'httpwww140godfathercommid7']"
91,2010-03-21 02:01:30,"['poor', 'romangennadich', 'is', 'it', 'the', '140th', 'time', 'i', 'beat', 'you', 'up', 'in', '140godfath', 'httpwww140godfathercommid7']"
92,2010-03-21 02:01:19,"['poor', 'kjsway', 'is', 'it', 'the', '140th', 'time', 'i', 'beat', 'you', 'up', 'in', '140godfath', 'httpwww140godfathercommid7']"
93,2010-03-21 02:00:42,"['perform', 'liquor', 'store', 'robberi', 'and', 'earn', '149', 'in', '140godfath', 'httpwww140godfathercommid5']"
94,2010-03-21 02:00:31,"['master', 'a', 'pick', 'pocket', 'mission', 'in', '140godfath', 'httpwww140godfathercommid33']"
95,2010-03-21 02:00:31,"['perform', 'pick', 'pocket', 'and', 'earn', '174', 'in', '140godfath', 'httpwww140godfathercommid5']"
96,2010-03-21 01:58:25,"['perform', 'pick', 'pocket', 'and', 'earn', '155', 'in', '140godfath', 'httpwww140godfathercommid5']"
97,2010-03-21 01:58:10,"['perform', 'pick', 'pocket', 'and', 'earn', '158', 'in', '140godfath', 'httpwww140godfathercommid5']"
98,2010-03-21 01:58:08,"['perform', 'pick', 'pocket', 'and', 'earn', '198', 'in', '140godfath', 'httpwww140godfathercommid5']"
99,2010-03-21 01:58:06,"['perform', 'pick', 'pocket', 'and', 'earn', '201', 'in', '140godfath', 'httpwww140godfathercommid5']"
100,2010-03-21 01:58:02,"['perform', 'pick', 'pocket', 'and', 'earn', '189', 'in', '140godfath', 'httpwww140godfathercommid5']"
101,2010-03-21 01:58:00,"['perform', 'pick', 'pocket', 'and', 'earn', '153', 'in', '140godfath', 'httpwww140godfathercommid5']"
102,2010-03-21 01:57:58,"['perform', 'pick', 'pocket', 'and', 'earn', '154', 'in', '140godfath', 'httpwww140godfathercommid5']"
103,2010-03-21 01:57:55,"['perform', 'pick', 'pocket', 'and', 'earn', '139', 'in', '140godfath', 'httpwww140godfathercommid5']"
104,2010-03-21 01:57:50,"['perform', 'pick', 'pocket', 'and', 'earn', '170', 'in', '140godfath', 'httpwww140godfathercommid5']"
105,2010-03-21 01:57:47,"['perform', 'pick', 'pocket', 'and', 'earn', '138', 'in', '140godfath', 'httpwww140godfathercommid5']"
106,2010-03-21 01:57:45,"['perform', 'pick', 'pocket', 'and', 'earn', '196', 'in', '140godfath', 'httpwww140godfathercommid5']"
107,2010-03-21 01:57:40,"['join', 'my', 'famili', 'in', '140godfath', 'httpwww140godfathercommid26inviteuser15608607']"
108,2010-03-21 01:57:37,"['my', 'godfath', 'want', 'to', 'see', 'you', 'in', '140godfath', 'you', 'should', 'not', 'let', 'him', 'down', 'httpwww140godfathercommid4inviteuser15608607']"
109,2010-03-21 01:57:13,"['perform', 'pick', 'pocket', 'and', 'earn', '152', 'in', '140godfath', 'httpwww140godfathercommid5']"
110,2010-03-21 01:57:11,"['perform', 'pick', 'pocket', 'and', 'earn', '197', 'in', '140godfath', 'httpwww140godfathercommid5']"
111,2010-03-21 01:57:09,"['perform', 'pick', 'pocket', 'and', 'earn', '185', 'in', '140godfath', 'httpwww140godfathercommid5']"
112,2010-03-21 01:57:07,"['perform', 'pick', 'pocket', 'and', 'earn', '161', 'in', '140godfath', 'httpwww140godfathercommid5']"
113,2010-03-21 01:57:05,"['perform', 'pick', 'pocket', 'and', 'earn', '191', 'in', '140godfath', 'httpwww140godfathercommid5']"
114,2010-03-21 01:57:01,"['perform', 'pick', 'pocket', 'and', 'earn', '136', 'in', '140godfath', 'httpwww140godfathercommid5']"
115,2010-03-21 01:56:59,"['perform', 'pick', 'pocket', 'and', 'earn', '148', 'in', '140godfath', 'httpwww140godfathercommid5']"
116,2010-03-21 01:56:57,"['perform', 'pick', 'pocket', 'and', 'earn', '180', 'in', '140godfath', 'httpwww140godfathercommid5']"
117,2010-03-21 01:56:45,"['perform', 'pick', 'pocket', 'and', 'earn', '139', 'in', '140godfath', 'httpwww140godfathercommid5']"
118,2010-03-21 01:56:43,"['perform', 'pick', 'pocket', 'and', 'earn', '201', 'in', '140godfath', 'httpwww140godfathercommid5']"
119,2010-03-21 01:56:40,"['perform', 'pick', 'pocket', 'and', 'earn', '178', 'in', '140godfath', 'httpwww140godfathercommid5']"
120,2010-03-21 01:56:38,"['perform', 'pick', 'pocket', 'and', 'earn', '144', 'in', '140godfath', 'httpwww140godfathercommid5']"
121,2010-03-21 01:56:36,"['perform', 'pick', 'pocket', 'and', 'earn', '135', 'in', '140godfath', 'httpwww140godfathercommid5']"
122,2010-03-21 01:56:34,"['perform', 'pick', 'pocket', 'and', 'earn', '158', 'in', '140godfath', 'httpwww140godfathercommid5']"
123,2010-03-21 01:56:31,"['perform', 'pick', 'pocket', 'and', 'earn', '173', 'in', '140godfath', 'httpwww140godfathercommid5']"
124,2010-03-21 01:56:28,"['perform', 'pick', 'pocket', 'and', 'earn', '177', 'in', '140godfath', 'httpwww140godfathercommid5']"
125,2010-03-21 01:55:18,"['my', 'godfath', 'want', 'to', 'see', 'you', 'in', '140godfath', 'you', 'should', 'not', 'let', 'him', 'down', 'httpwww140godfathercommid4inviteuser15608607']"
126,2010-03-21 01:55:13,"['join', 'my', 'famili', 'in', '140godfath', 'httpwww140godfathercommid26inviteuser15608607']"
127,2010-03-21 01:54:38,"['bought', 'a', 'bike', 'in', '140godfath', 'httpwww140godfathercommid32']"
128,2010-03-21 01:54:03,"['poor', 'iamyungnyce609', 'is', 'it', 'the', '140th', 'time', 'i', 'beat', 'you', 'up', 'in', '140godfath', 'httpwww140godfathercommid7']"
129,2010-03-21 01:53:47,"['poor', 'bieberfever4639', 'is', 'it', 'the', '140th', 'time', 'i', 'beat', 'you', 'up', 'in', '140godfath', 'httpwww140godfathercommid7']"
130,2010-03-21 01:53:46,"['poor', 'vutgu', 'is', 'it', 'the', '140th', 'time', 'i', 'beat', 'you', 'up', 'in', '140godfath', 'httpwww140godfathercommid7']"
131,2010-03-21 01:53:46,"['poor', 'stanpil', 'is', 'it', 'the', '140th', 'time', 'i', 'beat', 'you', 'up', 'in', '140godfath', 'httpwww140godfathercommid7']"
132,2010-03-21 01:53:45,"['poor', 'kompa2', 'is', 'it', 'the', '140th', 'time', 'i', 'beat', 'you', 'up', 'in', '140godfath', 'httpwww140godfathercommid7']"
133,2010-03-21 01:53:45,"['poor', 'klyngon1', 'is', 'it', 'the', '140th', 'time', 'i', 'beat', 'you', 'up', 'in', '140godfath', 'httpwww140godfathercommid7']"
134,2010-03-21 01:53:44,"['poor', 'missaell21', 'is', 'it', 'the', '140th', 'time', 'i', 'beat', 'you', 'up', 'in', '140godfath', 'httpwww140godfathercommid7']"
135,2010-03-21 01:53:28,"['poor', 'ohai1234', 'is', 'it', 'the', '140th', 'time', 'i', 'beat', 'you', 'up', 'in', '140godfath', 'httpwww140godfathercommid7']"
136,2010-03-21 01:53:27,"['hit', 'level', '17', 'in', '140godfath', 'httpwww140godfathercommid29']"
137,2010-03-21 01:53:27,"['poor', 'maresamsvoj65', 'is', 'it', 'the', '140th', 'time', 'i', 'beat', 'you', 'up', 'in', '140godfath', 'httpwww140godfathercommid7']"
138,2010-03-21 01:53:26,"['poor', 'maja223', 'is', 'it', 'the', '140th', 'time', 'i', 'beat', 'you', 'up', 'in', '140godfath', 'httpwww140godfathercommid7']"
139,2010-03-21 01:53:26,"['poor', 'ohai12345', 'is', 'it', 'the', '140th', 'time', 'i', 'beat', 'you', 'up', 'in', '140godfath', 'httpwww140godfathercommid7']"
140,2010-03-21 01:53:15,"['poor', 'seandharma', 'is', 'it', 'the', '140th', 'time', 'i', 'beat', 'you', 'up', 'in', '140godfath', 'httpwww140godfathercommid7']"
141,2010-03-21 01:53:15,"['poor', 'remixhero', 'is', 'it', 'the', '140th', 'time', 'i', 'beat', 'you', 'up', 'in', '140godfath', 'httpwww140godfathercommid7']"
142,2010-03-21 01:52:59,"['poor', 'kalek13', 'is', 'it', 'the', '140th', 'time', 'i', 'beat', 'you', 'up', 'in', '140godfath', 'httpwww140godfathercommid7']"
143,2010-03-21 01:52:58,"['poor', 'zznbataa', 'is', 'it', 'the', '140th', 'time', 'i', 'beat', 'you', 'up', 'in', '140godfath', 'httpwww140godfathercommid7']"
144,2010-03-21 01:52:05,"['poor', 'vutgu', 'is', 'it', 'the', '140th', 'time', 'i', 'beat', 'you', 'up', 'in', '140godfath', 'httpwww140godfathercommid7']"
145,2010-03-21 01:52:03,"['poor', 'boeff', 'is', 'it', 'the', '140th', 'time', 'i', 'beat', 'you', 'up', 'in', '140godfath', 'httpwww140godfathercommid7']"
146,2010-03-21 01:51:52,"['join', 'my', 'famili', 'in', '140godfath', 'httpwww140godfathercommid26inviteuser15608607']"
147,2010-03-21 01:51:52,"['poor', 'elquatro', 'is', 'it', 'the', '140th', 'time', 'i', 'beat', 'you', 'up', 'in', '140godfath', 'httpwww140godfathercommid7']"
148,2010-03-21 01:49:46,"['who', 'wan', 'na', 'start', 'a', 'busi', 'see', 'how', 'much', 'i', 'am', 'milk', 'from', 'my', 'corleon', 'deli', 'in', '140godfath', 'httpwww140godfathercommid12']"
149,2010-03-21 01:49:04,"['who', 'wan', 'na', 'start', 'a', 'busi', 'see', 'how', 'much', 'i', 'am', 'milk', 'from', 'my', 'traffick', 'oper', 'in', '140godfath', 'httpwww140godfathercommid12']"
150,2010-03-21 01:48:38,"['earn', '800', 'per', 'hour', 'is', 'not', 'a', 'dream', 'check', 'my', 'cigarett', 'smuggl', 'ring', 'in', '140godfath', 'httpwww140godfathercommid14']"
151,2010-03-21 01:48:33,"['earn', '1600', 'per', 'hour', 'is', 'not', 'a', 'dream', 'check', 'my', 'traffick', 'oper', 'in', '140godfath', 'httpwww140godfathercommid14']"
152,2010-03-21 01:48:28,"['earn', '1200', 'per', 'hour', 'is', 'not', 'a', 'dream', 'check', 'my', 'corleon', 'deli', 'in', '140godfath', 'httpwww140godfathercommid14']"
153,2010-03-21 01:47:54,"['perform', 'warehous', 'burglari', 'and', 'earn', '31', 'in', '140godfath', 'httpwww140godfathercommid5']"
154,2010-03-21 01:47:52,"['perform', 'warehous', 'burglari', 'and', 'earn', '37', 'in', '140godfath', 'httpwww140godfathercommid5']"
155,2010-03-21 01:47:48,"['perform', 'warehous', 'burglari', 'and', 'earn', '33', 'in', '140godfath', 'httpwww140godfathercommid5']"
156,2010-03-21 01:47:46,"['perform', 'warehous', 'burglari', 'and', 'earn', '46', 'in', '140godfath', 'httpwww140godfathercommid5']"
157,2010-03-21 01:47:38,"['perform', 'warehous', 'burglari', 'and', 'earn', '47', 'in', '140godfath', 'httpwww140godfathercommid5']"
158,2010-03-21 01:47:36,"['perform', 'warehous', 'burglari', 'and', 'earn', '38', 'in', '140godfath', 'httpwww140godfathercommid5']"
159,2010-03-21 01:47:32,"['perform', 'warehous', 'burglari', 'and', 'earn', '45', 'in', '140godfath', 'httpwww140godfathercommid5']"
160,2010-03-21 01:47:29,"['perform', 'warehous', 'burglari', 'and', 'earn', '34', 'in', '140godfath', 'httpwww140godfathercommid5']"
161,2010-03-21 01:46:35,"['master', 'a', 'beat', 'up', 'a', 'pimp', 'mission', 'in', '140godfath', 'httpwww140godfathercommid33']"
162,2010-03-21 01:46:35,"['perform', 'beat', 'up', 'a', 'pimp', 'and', 'earn', '137', 'in', '140godfath', 'httpwww140godfathercommid5']"
163,2010-03-21 01:46:31,"['perform', 'beat', 'up', 'a', 'pimp', 'and', 'earn', '128', 'in', '140godfath', 'httpwww140godfathercommid5']"
164,2010-03-21 01:46:28,"['perform', 'beat', 'up', 'a', 'pimp', 'and', 'earn', '154', 'in', '140godfath', 'httpwww140godfathercommid5']"
165,2010-03-21 01:46:25,"['perform', 'beat', 'up', 'a', 'pimp', 'and', 'earn', '129', 'in', '140godfath', 'httpwww140godfathercommid5']"
166,2010-03-21 01:45:17,"['play', 'the', 'special', 'event', 'liquor', 'smuggl', 'in', '140godfath', 'httpwww140godfathercommid50']"
167,2010-03-21 01:44:54,"['my', 'godfath', 'want', 'to', 'see', 'you', 'in', '140godfath', 'you', 'should', 'not', 'let', 'him', 'down', 'httpwww140godfathercommid4inviteuser15608607']"
168,2010-03-21 01:44:38,"['hit', 'level', '16', 'in', '140godfath', 'httpwww140godfathercommid29']"
169,2010-03-21 01:44:37,"['poor', 'stanpil', 'is', 'it', 'the', '140th', 'time', 'i', 'beat', 'you', 'up', 'in', '140godfath', 'httpwww140godfathercommid7']"
170,2010-03-21 01:44:21,"['poor', 'elquatro', 'is', 'it', 'the', '140th', 'time', 'i', 'beat', 'you', 'up', 'in', '140godfath', 'httpwww140godfathercommid7']"
171,2010-03-21 01:43:14,"['poor', 'burasitr', 'is', 'it', 'the', '140th', 'time', 'i', 'beat', 'you', 'up', 'in', '140godfath', 'httpwww140godfathercommid7']"
172,2010-03-21 01:39:58,"['hit', 'level', '15', 'in', '140godfath', 'httpwww140godfathercommid29']"
173,2010-03-21 01:38:29,"['hit', 'level', '14', 'in', '140godfath', 'httpwww140godfathercommid29']"
174,2010-03-21 01:34:56,"['hit', 'level', '13', 'in', '140godfath', 'httpwww140godfathercommid29']"
175,2010-03-21 01:34:17,"['help', 'me', 'to', 'ship', 'the', 'liquor', '100', 'legal', 'to', 'warehous', 'in', 'special', 'event', 'in', '140godfath', 'httpwww140godfathercommid49']"
176,2010-03-21 01:33:35,"['hit', 'level', '12', 'in', '140godfath', 'httpwww140godfathercommid29']"
177,2010-03-21 01:33:35,"['play', 'the', 'special', 'event', 'liquor', 'smuggl', 'in', '140godfath', 'httpwww140godfathercommid50']"
178,2010-03-21 01:32:21,"['join', 'my', 'famili', 'in', '140godfath', 'httpwww140godfathercommid26inviteuser15608607']"
179,2010-03-21 01:32:17,"['my', 'godfath', 'want', 'to', 'see', 'you', 'in', '140godfath', 'you', 'should', 'not', 'let', 'him', 'down', 'httpwww140godfathercommid4inviteuser15608607']"
180,2010-03-12 22:49:52,"['não', 'sei', 'se', 'em', 'todo', 'o', 'brasil', 'tá', 'assimcalor', 'insuportável', 'nem', 'ar', 'condicionado', 'tá', 'salvando']"
181,2010-03-11 04:50:02,"['perform', 'corner', 'store', 'holdup', 'and', 'earn', '135', 'in', '140godfath', 'httpwww140godfathercommid5']"
182,2010-03-11 04:49:58,"['perform', 'corner', 'store', 'holdup', 'and', 'earn', '140', 'in', '140godfath', 'httpwww140godfathercommid5']"
183,2010-03-11 04:49:49,"['master', 'a', 'auto', 'theft', 'mission', 'in', '140godfath', 'httpwww140godfathercommid33']"
184,2010-03-11 04:49:43,"['perform', 'auto', 'theft', 'and', 'earn', '65', 'in', '140godfath', 'httpwww140godfathercommid5']"
185,2010-03-11 04:49:39,"['perform', 'auto', 'theft', 'and', 'earn', '89', 'in', '140godfath', 'httpwww140godfathercommid5']"
186,2010-03-11 04:49:37,"['perform', 'auto', 'theft', 'and', 'earn', '81', 'in', '140godfath', 'httpwww140godfathercommid5']"
187,2010-03-11 04:49:34,"['perform', 'auto', 'theft', 'and', 'earn', '68', 'in', '140godfath', 'httpwww140godfathercommid5']"
188,2010-03-11 04:49:28,"['hit', 'level', '8', 'in', '140godfath', 'httpwww140godfathercommid29']"
189,2010-03-11 04:49:28,"['perform', 'auto', 'theft', 'and', 'earn', '72', 'in', '140godfath', 'httpwww140godfathercommid5']"
190,2010-03-11 04:47:26,"['perform', 'collect', 'on', 'a', 'loan', 'and', 'earn', '54', 'in', '140godfath', 'httpwww140godfathercommid5']"
191,2010-03-11 04:47:23,"['perform', 'collect', 'on', 'a', 'loan', 'and', 'earn', '47', 'in', '140godfath', 'httpwww140godfathercommid5']"
192,2010-03-11 04:47:20,"['perform', 'collect', 'on', 'a', 'loan', 'and', 'earn', '40', 'in', '140godfath', 'httpwww140godfathercommid5']"
193,2010-03-11 04:47:18,"['perform', 'collect', 'on', 'a', 'loan', 'and', 'earn', '43', 'in', '140godfath', 'httpwww140godfathercommid5']"
194,2010-03-11 04:47:15,"['perform', 'collect', 'on', 'a', 'loan', 'and', 'earn', '51', 'in', '140godfath', 'httpwww140godfathercommid5']"
195,2010-03-11 04:47:10,"['perform', 'collect', 'on', 'a', 'loan', 'and', 'earn', '56', 'in', '140godfath', 'httpwww140godfathercommid5']"
196,2010-03-11 04:47:04,"['perform', 'collect', 'on', 'a', 'loan', 'and', 'earn', '49', 'in', '140godfath', 'httpwww140godfathercommid5']"
197,2010-03-11 04:47:02,"['perform', 'collect', 'on', 'a', 'loan', 'and', 'earn', '57', 'in', '140godfath', 'httpwww140godfathercommid5']"
198,2010-03-11 04:46:57,"['hit', 'level', '6', 'in', '140godfath', 'httpwww140godfathercommid29']"
199,2010-03-11 04:46:56,"['perform', 'collect', 'on', 'a', 'loan', 'and', 'earn', '39', 'in', '140godfath', 'httpwww140godfathercommid5']"
200,2010-03-11 04:46:54,"['perform', 'collect', 'on', 'a', 'loan', 'and', 'earn', '53', 'in', '140godfath', 'httpwww140godfathercommid5']"
201,2010-03-11 04:46:52,"['perform', 'collect', 'on', 'a', 'loan', 'and', 'earn', '44', 'in', '140godfath', 'httpwww140godfathercommid5']"
202,2010-03-11 04:46:49,"['perform', 'collect', 'on', 'a', 'loan', 'and', 'earn', '48', 'in', '140godfath', 'httpwww140godfathercommid5']"
203,2010-03-11 04:46:47,"['perform', 'collect', 'on', 'a', 'loan', 'and', 'earn', '58', 'in', '140godfath', 'httpwww140godfathercommid5']"
204,2010-03-11 04:46:36,"['master', 'a', 'carjack', 'mission', 'in', '140godfath', 'httpwww140godfathercommid33']"
205,2010-03-11 04:46:35,"['perform', 'carjack', 'and', 'earn', '14', 'in', '140godfath', 'httpwww140godfathercommid5']"
206,2010-03-11 04:46:30,"['perform', 'carjack', 'and', 'earn', '15', 'in', '140godfath', 'httpwww140godfathercommid5']"
207,2010-03-11 04:46:28,"['perform', 'carjack', 'and', 'earn', '13', 'in', '140godfath', 'httpwww140godfathercommid5']"
208,2010-03-11 04:46:12,"['perform', 'carjack', 'and', 'earn', '11', 'in', '140godfath', 'httpwww140godfathercommid5']"
209,2010-03-11 04:46:02,"['perform', 'carjack', 'and', 'earn', '12', 'in', '140godfath', 'httpwww140godfathercommid5']"
210,2010-03-11 04:45:55,"['perform', 'carjack', 'and', 'earn', '10', 'in', '140godfath', 'httpwww140godfathercommid5']"
211,2010-03-11 04:45:38,"['bought', 'a', 'tommi', 'gun', 'in', '140godfath', 'httpwww140godfathercommid32']"
212,2010-03-11 04:45:27,"['bought', 'a', 'crowbar', 'in', '140godfath', 'httpwww140godfathercommid32']"
213,2010-03-11 04:45:24,"['bought', 'a', 'basebal', 'bat', 'in', '140godfath', 'httpwww140godfathercommid32']"
214,2010-03-11 04:45:21,"['bought', 'a', 'knife', 'in', '140godfath', 'httpwww140godfathercommid32']"
215,2010-03-11 04:45:05,"['godfath', 'like', 'what', 'i', 'm', 'do', 'for', 'the', 'famili', 'in', '140godfath', 'it', 'is', 'an', 'honor', 'httpwww140godfathercommid18']"
216,2010-03-11 04:45:05,"['perform', 'drug', 'deal', 'and', 'earn', '142', 'in', '140godfath', 'httpwww140godfathercommid5']"
217,2010-03-11 04:45:02,"['perform', 'drug', 'deal', 'and', 'earn', '128', 'in', '140godfath', 'httpwww140godfathercommid5']"
218,2010-03-11 04:44:58,"['perform', 'drug', 'deal', 'and', 'earn', '149', 'in', '140godfath', 'httpwww140godfathercommid5']"
219,2010-03-11 04:44:52,"['hit', 'level', '5', 'in', '140godfath', 'httpwww140godfathercommid29']"
220,2010-03-11 04:44:51,"['perform', 'drug', 'deal', 'and', 'earn', '153', 'in', '140godfath', 'httpwww140godfathercommid5']"
221,2010-03-11 04:44:48,"['perform', 'drug', 'deal', 'and', 'earn', '180', 'in', '140godfath', 'httpwww140godfathercommid5']"
222,2010-03-11 04:44:43,"['perform', 'drug', 'deal', 'and', 'earn', '169', 'in', '140godfath', 'httpwww140godfathercommid5']"
223,2010-03-11 04:44:41,"['perform', 'drug', 'deal', 'and', 'earn', '143', 'in', '140godfath', 'httpwww140godfathercommid5']"
224,2010-03-11 04:44:38,"['perform', 'drug', 'deal', 'and', 'earn', '133', 'in', '140godfath', 'httpwww140godfathercommid5']"
225,2010-03-11 04:44:20,"['perform', 'drug', 'deal', 'and', 'earn', '179', 'in', '140godfath', 'httpwww140godfathercommid5']"
226,2010-03-11 04:44:17,"['perform', 'drug', 'deal', 'and', 'earn', '160', 'in', '140godfath', 'httpwww140godfathercommid5']"
227,2010-03-11 04:44:15,"['perform', 'drug', 'deal', 'and', 'earn', '170', 'in', '140godfath', 'httpwww140godfathercommid5']"
228,2010-03-11 04:44:13,"['perform', 'drug', 'deal', 'and', 'earn', '187', 'in', '140godfath', 'httpwww140godfathercommid5']"
229,2010-03-11 04:44:10,"['perform', 'drug', 'deal', 'and', 'earn', '176', 'in', '140godfath', 'httpwww140godfathercommid5']"
230,2010-03-11 04:43:57,"['hit', 'level', '4', 'in', '140godfath', 'httpwww140godfathercommid29']"
231,2010-03-11 04:43:57,"['perform', 'drug', 'deal', 'and', 'earn', '142', 'in', '140godfath', 'httpwww140godfathercommid5']"
232,2010-03-11 04:43:55,"['perform', 'drug', 'deal', 'and', 'earn', '148', 'in', '140godfath', 'httpwww140godfathercommid5']"
233,2010-03-11 04:43:52,"['perform', 'drug', 'deal', 'and', 'earn', '164', 'in', '140godfath', 'httpwww140godfathercommid5']"
234,2010-03-11 04:43:50,"['perform', 'drug', 'deal', 'and', 'earn', '151', 'in', '140godfath', 'httpwww140godfathercommid5']"
235,2010-03-11 04:43:47,"['perform', 'drug', 'deal', 'and', 'earn', '189', 'in', '140godfath', 'httpwww140godfathercommid5']"
236,2010-03-11 04:43:43,"['perform', 'drug', 'deal', 'and', 'earn', '172', 'in', '140godfath', 'httpwww140godfathercommid5']"
237,2010-03-11 04:43:40,"['perform', 'drug', 'deal', 'and', 'earn', '168', 'in', '140godfath', 'httpwww140godfathercommid5']"
238,2010-03-11 04:43:34,"['perform', 'drug', 'deal', 'and', 'earn', '185', 'in', '140godfath', 'httpwww140godfathercommid5']"
239,2010-03-11 04:43:15,"['hit', 'level', '3', 'in', '140godfath', 'httpwww140godfathercommid29']"
240,2010-03-11 04:43:14,"['perform', 'mug', 'and', 'earn', '17', 'in', '140godfath', 'httpwww140godfathercommid5']"
241,2010-03-11 04:43:09,"['perform', 'mug', 'and', 'earn', '16', 'in', '140godfath', 'httpwww140godfathercommid5']"
242,2010-03-11 04:43:03,"['perform', 'mug', 'and', 'earn', '22', 'in', '140godfath', 'httpwww140godfathercommid5']"
243,2010-03-11 04:43:00,"['perform', 'mug', 'and', 'earn', '21', 'in', '140godfath', 'httpwww140godfathercommid5']"
244,2010-03-11 04:42:58,"['perform', 'mug', 'and', 'earn', '23', 'in', '140godfath', 'httpwww140godfathercommid5']"
245,2010-03-11 04:42:41,"['bought', 'a', 'pistol', 'in', '140godfath', 'httpwww140godfathercommid32']"
246,2010-03-11 04:42:31,"['bought', 'a', 'basebal', 'bat', 'in', '140godfath', 'httpwww140godfathercommid32']"
247,2010-03-11 04:42:27,"['bought', 'a', 'knife', 'in', '140godfath', 'httpwww140godfathercommid32']"
248,2010-03-11 04:42:17,"['godfath', 'like', 'what', 'i', 'm', 'do', 'for', 'the', 'famili', 'in', '140godfath', 'it', 'is', 'an', 'honor', 'httpwww140godfathercommid18']"
249,2010-03-11 04:42:14,"['perform', 'warehous', 'burglari', 'and', 'earn', '44', 'in', '140godfath', 'httpwww140godfathercommid5']"
250,2010-03-11 04:42:11,"['perform', 'warehous', 'burglari', 'and', 'earn', '37', 'in', '140godfath', 'httpwww140godfathercommid5']"
251,2010-03-11 04:42:06,"['perform', 'warehous', 'burglari', 'and', 'earn', '42', 'in', '140godfath', 'httpwww140godfathercommid5']"
252,2010-03-11 04:42:00,"['perform', 'warehous', 'burglari', 'and', 'earn', '33', 'in', '140godfath', 'httpwww140godfathercommid5']"
253,2010-03-11 04:41:58,"['perform', 'warehous', 'burglari', 'and', 'earn', '47', 'in', '140godfath', 'httpwww140godfathercommid5']"
254,2010-03-11 04:41:56,"['perform', 'warehous', 'burglari', 'and', 'earn', '45', 'in', '140godfath', 'httpwww140godfathercommid5']"
255,2010-03-11 04:41:53,"['perform', 'warehous', 'burglari', 'and', 'earn', '35', 'in', '140godfath', 'httpwww140godfathercommid5']"
256,2010-03-11 04:41:38,"['perform', 'mug', 'and', 'earn', '21', 'in', '140godfath', 'httpwww140godfathercommid5']"
257,2010-03-11 04:41:35,"['perform', 'mug', 'and', 'earn', '18', 'in', '140godfath', 'httpwww140godfathercommid5']"
258,2010-03-11 04:41:32,"['perform', 'mug', 'and', 'earn', '22', 'in', '140godfath', 'httpwww140godfathercommid5']"
259,2010-03-11 04:40:21,"['perform', 'warehous', 'burglari', 'and', 'earn', '32', 'in', '140godfath', 'httpwww140godfathercommid5']"
260,2010-03-11 04:40:17,"['perform', 'warehous', 'burglari', 'and', 'earn', '31', 'in', '140godfath', 'httpwww140godfathercommid5']"
261,2010-03-11 04:40:07,"['hit', 'level', '2', 'in', '140godfath', 'httpwww140godfathercommid29']"
262,2010-03-11 04:40:05,"['perform', 'warehous', 'burglari', 'and', 'earn', '42', 'in', '140godfath', 'httpwww140godfathercommid5']"
263,2010-03-11 04:37:49,"['join', 'my', 'famili', 'in', '140godfath', 'httpwww140godfathercommid26inviteuser15608607']"
264,2010-03-11 04:37:40,"['perform', 'warehous', 'burglari', 'and', 'earn', '44', 'in', '140godfath', 'httpwww140godfathercommid5']"
265,2010-03-11 04:37:33,"['bought', 'a', 'crowbar', 'in', '140godfath', 'httpwww140godfathercommid32']"
266,2010-03-11 04:37:02,"['my', 'godfath', 'want', 'to', 'see', 'you', 'in', '140godfath', 'you', 'shouldnt', 'let', 'him', 'down', 'httpwww140godfathercommid4inviteuser15608607']"
267,2010-03-11 04:25:48,"['por', 'favor', 'entrem', 'em', 'httpwwwbolsademulhercomvocedebolsanova', 'e', 'votem', 'na', 'minha', 'bolsa', 'o', 'nome', 'dela', 'eh', 'new', 'danni', 'bju']"
268,2010-03-11 04:24:40,"['lta', 'hrefhttpwwwbolsademulhercomvocedebolsanovapggaleria']"
269,2010-03-07 20:02:01,"['estou', 'atrasada', 'ma', 'eu', 'tenho', 'que', 'comentar', 'ronaldo', 'no', 'bbb', 'eu', 'adoro', 'rabadama', 'pode', 'me', 'dar', 'problema', 'kkkkk', 'olha', 'a', 'dupla', 'interpretação']"
270,2010-02-24 00:05:24,"['jpbertaz', 'ulissesmonari', 'sigam', 'garotasdobrasil']"
271,2010-02-24 00:02:10,"['mayarinhav', 'segu', 'garota', 'do', 'brasil', 'e', 'particip', 'da', 'promoção']"
272,2010-02-24 00:00:47,"['drysanti', 'miga', 'siga', 'garotasdo', 'brasil']"
273,2010-02-23 23:58:29,"['milastobuki', 'miga', 'segu', 'garota', 'do', 'brasil', 'pleas']"
274,2010-02-23 23:48:42,"['pessoal', 'super', 'indicação', 'garotasdobrasil', 'sigam', 'e', 'participem', 'da', 'promoção']"
275,2010-02-23 23:30:37,"['tvfamaofici', 'vejam', 'o', 'que', 'eu', 'diss', 'no', 'link', 'httpbranswersyahoocomquestionindexqid20100223104618aahmxw5', 'leiam', 'os', 'post']"
276,2010-02-23 23:30:00,"['tvfamaofici', 'vc', 'divulgaram', 'o', 'foradourado', 'ma', 'agora', 'tb', 'tem', 'o', 'dentrodourado', 'prometendo', 'r30000000']"
277,2010-02-18 14:03:28,"['amyjobrasillapalestra', 'fluirbh', 'siga', 'doural1', 'para', 'ganhar', 'prêmiosval', 'a', 'pena', 'adoroadour', 'veja', 'a', 'promoção', 'httpowly16s9l']"
278,2010-02-18 14:02:33,"['fretsonfirebr', 'apenascamiportalmegasound', 'siga', 'doural1', 'para', 'ganhar', 'prêmiosval', 'a', 'pena', 'adoroadour', 'veja', 'a', 'promoção', 'httpowly16s9l']"
279,2010-02-18 14:01:22,"['ernandobressantrailersxpabrasileirado', 'siga', 'doural1', 'para', 'ganhar', 'prêmiosval', 'a', 'pena', 'adoroadour', 'veja', 'a', 'promoção', 'httpowly16s9l']"
280,2010-02-18 13:59:36,"['interjuridico', 'portalti01aelevadoaocubo', 'siga', 'doural1', 'para', 'ganhar', 'prêmiosval', 'a', 'pena', 'adoroadour', 'veja', 'a', 'promoção', 'httpowly16s9l']"
281,2010-02-18 13:58:26,"['franu2bbrunocosttathaemico', 'siga', 'doural1', 'para', 'ganhar', 'prêmiosval', 'a', 'pena', 'adoroadour', 'veja', 'a', 'promoção', 'httpowly16s9l']"
282,2010-02-18 13:56:40,"['alicewebland', 'tuitabrasil', 'danutaferreira', 'siga', 'doural1', 'para', 'ganhar', 'prêmiosval', 'a', 'pena', 'adoroadour', 'veja', 'a', 'promoção', 'httpowly16s9l']"
283,2010-02-18 13:55:15,"['larakarolin', 'eoperri', 'thiagocomenta', 'siga', 'doural1', 'para', 'ganhar', 'prêmio', 'vale', 'a', 'pena', 'adoroadour', 'veja', 'a', 'promoção', 'httpowly16s9l']"
284,2010-02-18 13:53:59,"['rihappybrinq', 'acharefacil', 'fcmpcontigo', 'siga', 'doural1', 'para', 'ganhar', 'prêmio', 'vale', 'a', 'pena', 'adoroadour', 'veja', 'a', 'promoção', 'httpowly16s9l']"
285,2010-02-18 13:52:40,"['gutafranco', 'atorjoaofranco', 'rodtorevbr', 'siga', 'doural1', 'para', 'ganhar', 'prêmio', 'vale', 'a', 'pena', 'adoroadour', 'veja', 'a', 'promoção', 'httpowly16s9l']"
286,2010-02-18 13:50:54,"['brunnarr', 'arturk2knox', 'depoisdofim', 'siga', 'doural1', 'para', 'ganhar', 'prêmio', 'vale', 'a', 'pena', 'adoroadour', 'veja', 'a', 'promoção', 'httpowly16s9l']"
287,2010-02-18 13:50:11,"['gutafranco', 'atorjoãofranco', 'rodtorevbr', 'siga', 'doural1', 'para', 'ganhar', 'prêmio', 'vale', 'a', 'pena', 'adoroadour', 'veja', 'a', 'promoção', 'httpowly16s9l']"
288,2010-02-18 13:32:57,"['hoje', 'nada', 'vai', 'estragar', 'o', 'meu', 'dia']"
289,2010-02-18 13:31:04,"['followrama', 'a', 'primeira', 'rede', 'de', 'follow', '20', 'do', 'brasil', 'escolha', 'por', 'assunto', 'ou', 'cidad', 'httpbitlyfollowrama', 'followrama', '36']"
290,2010-02-18 13:09:50,"['followrama', 'a', 'primeira', 'rede', 'de', 'follow', '20', 'do', 'brasil', 'escolha', 'por', 'assunto', 'ou', 'cidad', 'httpbitlyfollowrama', 'followrama', '65']"
291,2010-02-18 13:09:09,"['followrama', 'a', 'primeira', 'rede', 'de', 'follow', '20', 'do', 'brasil', 'escolha', 'por', 'assunto', 'ou', 'cidad', 'httpbitlyfollowrama', 'followrama', '82']"
292,2010-02-18 12:47:06,"['followrama', 'a', 'primeira', 'rede', 'de', 'follow', '20', 'do', 'brasil', 'escolha', 'por', 'assunto', 'ou', 'cidad', 'httpbitlyfollowrama', 'followrama', '40']"
293,2010-02-18 12:26:06,"['followrama', 'a', 'primeira', 'rede', 'de', 'follow', '20', 'do', 'brasil', 'escolha', 'por', 'assunto', 'ou', 'cidad', 'httpbitlyfollowrama', 'followrama', '46']"
294,2010-02-18 12:12:16,"['followrama', 'obrigada']"
295,2010-02-18 12:05:07,"['followrama', 'a', 'primeira', 'rede', 'de', 'follow', '20', 'do', 'brasil', 'escolha', 'por', 'assunto', 'ou', 'cidad', 'httpbitlyfollowrama', 'followrama', '63']"
296,2010-02-18 11:56:19,"['followrama', 'a', 'primeira', 'rede', 'de', 'follow', '20', 'do', 'brasil', 'escolha', 'por', 'assunto', 'ou', 'cidad', 'httpbitlyfollowrama', 'followrama', '11']"
297,2010-02-18 11:49:18,"['hoje', 'eh', 'meu', 'aniversário', 'versão', 'atualizada', 'para', '33kkkkkkkkkkkkkkkkk']"
298,2010-02-18 11:48:48,"['bom', 'dia', 'twitter', 'bom', 'dia', 'brasil', 'bom', 'dia', 'mundorsrsr']"
299,2010-02-10 13:40:35,"['indicando', 'furiiou', 'cintosalva']"
300,2010-02-10 13:38:21,"['bom', 'dia', 'o', 'dia', 'começ', 'beminsônia', 'durant', 'a', 'noit', 'e', 'dor', 'de', 'cabeça', 'pela', 'manhãrsrsr']"
301,2010-02-09 18:27:02,"['boa', 'tard', 'twitteiro']"
302,2009-11-20 02:44:27,"['caracacalor', 'que', 'nao', 'passa']"
303,2009-11-19 16:31:23,"['boa', 'tard', 'pessoal', 'o', 'calor', 'aqui', 'tá', 'tão', 'grand', 'que', 'mesmo', 'com', 'o', 'chueiro', 'desligado', 'a', 'agua', 'ta', 'fervendo']"
304,2009-11-15 03:07:24,"['tô', 'indo', 'dormirboa', 'noitebom', 'domingo']"
305,2009-11-15 02:32:12,"['como', 'diria', 'ivonetehoj', 'eu', 'tô', 'virada', 'no', 'cão']"
306,2009-11-15 02:30:04,['httpgffastercomdannybrandao']
307,2009-11-15 02:28:40,"['super', 'indicação', 'localmosac']"
308,2009-11-15 02:27:54,"['diogoluciano', 'boa', 'noit']"
309,2009-11-15 02:27:25,"['joaocamposm', 'olá', 'boa', 'noit']"
310,2009-11-13 21:02:41,"['super', 'indicação', 'leonardoferrera']"
311,2009-11-13 21:02:25,"['indicação', 'especi', 'para', 'quem', 'mai', 'indicar', 'meusfollow', 'meusfollow']"
312,2009-11-13 21:02:11,"['►quer', 'ser', 'indicado', 'para', 'de', '7900', 'seguidor', 'escreva', '►►', 'go', 'go', 'follow', 'no', 'rocali', 'e', 'ele', 'te', 'seguira', 'de', 'volta']"
313,2009-11-13 21:01:36,"['quer', 'ser', 'indicado', 'agora', 'siga', 'e', 'indiqu', 'o', 'dono', 'do', 'goupfollow', 'lucaskenji']"
314,2009-11-13 21:01:19,"['super', 'indicação', 'localmosac']"
315,2009-11-13 21:01:04,"['quero', 'aumentar', 'meu', 'seguidor', 'rápido', 'siga', 'o', 'aumentefollow', 'e', 'leia', 'as', 'instruçõ', 'centena', 'de', 'pessoa', 'te', 'seguirão', 'em', 'pouco', 'minuto']"
316,2009-11-13 21:00:48,"['quero', 'aumentar', 'meu', 'seguidor', 'em', 'pouco', 'tempo', 'siga', 'a', 'follow', 'e', 'leia', 'as', 'instruçõ']"
317,2009-11-13 20:58:24,"['quer', 'aumentar', 'seu', 'seguidor', 'rápido', 'siga', 'o', 'querofollow', 'e', 'leia', 'as', 'instruçõ', 'centena', 'de', 'pessoa', 'te', 'seguirão', 'em', 'poko', 'minuto']"
318,2009-11-13 20:58:01,"['quer', 'centenasdefollow', 'segu', 'e', 'indica', 'a', 'upfollow', 'e', 'tiagolirax', 'rumo', 'ao', '2000follow']"
319,2009-11-13 20:57:42,"['quer', 'aumentar', 'seu', 'seguidor', 'rápido', 'siga', 'o', 'magicfollow', 'e', 'leia', 'as', 'instruçõ', 'centena', 'de', 'pessoa', 'te', 'seguirão', 'em', 'poko', 'minuto']"
320,2009-11-13 20:57:24,"['quer', 'aumentar', 'seu', 'seguidor', 'rápido', 'siga', 'o', 'bigfollowersbr', 'e', 'leia', 'as', 'instruçõ', 'centena', 'de', 'pessoa', 'te', 'seguirão', 'em', 'poko', 'minuto']"
321,2009-11-13 20:56:56,"['httpwwwtweetleadersinf', 'mai', 'de', '500', 'follow', 'super', 'rápido']"
322,2009-11-13 20:56:16,"['get', '1000', 'follow', 'a', 'day', 'use', 'httptwitpwrcomtaw', 'it', 'super', 'fast']"
323,2009-11-13 20:55:52,"['i', 'just', 'got', '500', 'follow', 'use', 'httptwitpwrcomtaw']"
324,2009-10-10 18:20:54,"['galerinhaaa', 'segu', 'o', 'lorscheid', 'ele', 'ta', 'on', 'e', 'vai', 'te', 'indicar', 'agora', 'pra', '5000', 'pessoa', 'follow', 'now']"
325,2009-10-10 17:59:39,"['quer', 'aumenta', 'seu', 'seguidor', 'segu', 'a', 'japinhafir', 'e', 'twita', 'essa', 'frase', 'que', 'ela', 'te', 'indica', 'agora', 'pra', '10800', 'pessoa']"
326,2009-10-10 17:42:02,"['quer', 'aumentar', 'seu', 'seguidor', 'rápido', 'siga', 'o', 'meusfollow', 'leia', 'as', 'instruçõ', 'e', 'em', 'pouco', 'minuto', 'você', 'terá', 'centena', 'de', 'seguidor']"
327,2009-10-08 22:58:24,"['seja', 'um', 'twitter', 'whale', 'fast', 'free', 'httpgffastercomdannybrandao', 'é', 'bom', 'd']"
328,2009-10-08 22:50:32,"['indicando', 'julianacamargo', 'julianacamargo', 'julianacamargo', 'julianacamargo', 'julianacamargo', 'julianacamargo', 'julianacamargo']"
329,2009-10-08 22:47:14,"['dudsdnb', 'tá', 'seguido']"
330,2009-10-08 18:47:16,"['indicando', 'bruckbrook', 'vale', 'a', 'penasigambruckbrook', 'bruckbrook', 'bruckbrook', 'bruckbrook', 'bruckbrook', 'bruckbrook']"
331,2009-10-08 18:45:44,"['bruckbrook', 'vamo', 'trocar', 'as', 'idicaçõ', 'ok']"
332,2009-10-08 14:10:51,"['hey', 'i', 'just', 'got', 'alot', 'of', 'follow', 'use', 'httptaezeecnotlongcom']"
333,2009-10-08 01:50:34,"['anjoslulu', 'bom', 'voufaz', 'meu', 'enteado', 'dormirdepoi', 'falamosbj']"
334,2009-10-08 01:38:01,"['anjoslulu', 'agora', 'deu', 'uma', 'esfriada', 'choveu', 'o', 'dia', 'todo', 'ma', 'até', 'hj', 'demanhã', 'o', 'calor', 'tava', 'insoportável']"
335,2009-10-08 01:26:26,"['anjoslulu', 'oi', 'td', 'bem', 'por', 'aqui', 'e', 'com', 'vc', 'sou', 'de', 'campo', 'grand', 'ms']"
336,2009-10-08 01:25:23,"['galerasigamval', 'a', 'pena', 'anjoslulu', 'karlintricolor']"
337,2009-10-08 01:23:17,"['quer', 'aumentar', 'seu', 'seguidor', 'rápido', 'siga', 'o', 'magicfollow', 'e', 'leia', 'as', 'instruçõ', 'centena', 'de', 'pessoa', 'te', 'seguirão', 'em', 'poko', 'minuto']"
338,2009-10-08 01:22:58,"['quer', 'aumentar', 'seu', 'seguidor', 'rápido', 'siga', 'o', 'querofollow', 'e', 'leia', 'as', 'instruçõ', 'centena', 'de', 'pessoa', 'te', 'seguirão', 'em', 'poko', 'minuto']"
339,2009-10-08 01:22:37,"['quer', 'aumentar', 'seu', 'seguidor', 'rápido', 'siga', 'o', 'bigfollowersbr', 'e', 'leia', 'as', 'instruçõ', 'centena', 'de', 'pessoa', 'te', 'seguirão', 'em', 'poko', 'minuto']"
340,2009-10-08 01:21:46,"['“', 'com', 'o', 'pipocablog', 'eu', 'posso', 'ir', 'ao', 'cinema', 'de', 'graça', '”']"
341,2009-10-08 01:18:29,"['quero', 'aumentar', 'meu', 'seguidor', 'em', 'pouco', 'tempo', 'siga', 'a', 'follow', 'e', 'leia', 'as', 'instruçõ']"
342,2009-10-08 01:15:37,"['quer', 'centenasdefollow', 'segu', 'e', 'indica', 'a', 'upfollow', 'e', 'tiagolirax', 'rumo', 'ao', '2000follow']"
343,2009-10-08 01:13:57,"['recomendo', 'wilbao', 'sigam']"
344,2009-10-08 01:12:59,"['seja', 'um', 'twitter', 'whale', 'fast', 'free', 'httpgffastercomdannybrandao']"
345,2009-10-08 01:11:43,"['essa', 'galera', 'vale', 'a', 'pena', 'seguir', 'hiimisabel', 'juninhu', 'bigfollowersbr', 'followersup', 'jaciellima', 'iizabella']"
346,2009-10-08 01:06:45,"['sigam', 'iizabella', 'jaciellima', 'manuumesquita', 'arnowo', 'bombafollow', 'wilbao', 'vinykael', 'muito', 'bom']"
347,2009-10-08 01:01:55,"['aguardando', 'as', 'indicaçõesretribuo']"
348,2009-10-08 01:00:27,"['deve', 'ser', 'o', 'que', 'tava', 'por', 'aqui', 'ontemkkkkkkkk']"
349,2009-10-08 00:49:53,"['moohbtm', 'tenta', 'achar', 'como', 'aprendizvc', 'não', 'tá', 'achando', 'estágio', 'pq', 'a', 'lei', 'não', 'permit', 'já', 'procur', 'o', 'ciee']"
350,2009-10-08 00:44:37,"['boa', 'noit', 'twitteiro', 'hoje', 'foi', 'uma', 'corerria', 'loucama', 'graça', 'a', 'deu', 'deu', 'tudo', 'certo']"
351,2009-10-07 05:13:26,"['a', 'chuva', 'acab', 'o', 'sono', 'chegoutô', 'indoboa', 'noit', 'galera']"
352,2009-10-07 04:15:38,"['começ', 'a', 'chuvadalh', 'trovoada']"
353,2009-10-07 01:30:54,"['vou', 'dar', 'um', 'bizu', 'no', 'orkutuma', 'passadinha', 'no', 'email', 'e', 'tomar', 'um', 'banho', 'dou', 'mai', 'uma', 'passadinha', 'ant', 'de', 'dormir']"
354,2009-10-07 01:00:29,"['depoi', 'de', 'um', 'dia', 'de', 'calor', 'intensotá', 'armando', 'um', 'tempor']"
355,2009-10-07 00:56:39,"['katsotomayor', 'oi', 'prima', 'quando', 'vem', 'pra', 'cá', 'bj', 'em', 'todo']"
356,2009-10-06 22:34:35,"['se', 'pedir', 'a', 'deu', 'paciência', 'ele', 'não', 'te', 'dará', 'paciência', 'e', 'sim', 'a', 'oportunidad', 'de', 'ser', 'pacient']"
357,2009-10-06 13:18:49,"['tenho', 'trabalho', 'a', 'fazervolto', 'depoi']"
358,2009-10-06 12:48:36,"['ainda', 'dizem', 'que', 'algun', 'estado', 'são', 'atrasadospudera', 'o', 'proprio', 'sistema', 'no', 'imped', 'de', 'saber', 'da', 'coisa', 'ao', 'mesmo', 'tempo', 'do', 'resto', 'do', 'paí']"
359,2009-10-06 12:27:41,"['enquanto', 'isso', 'eu', 'numa', 'dúvidatwitar', 'mai', 'um', 'pouquinho', 'ou', 'dormir', 'dinovokkkkkkkk']"
360,2009-10-06 12:25:55,"['os', 'índio', 'interditaram', 'a', 'br', '163', 'saindo', 'de', 'campo', 'grand', 'para', 'cuiabá', 'e', 'a', 'br', '262', 'caminho', 'para', 'corumbá', 'em', 'aquidauana', 'já', 'há', 'congestionamento']"
361,2009-10-06 11:00:09,"['upfollow', 'quer', 'centenasdefollow', 'segu', 'e', 'indica', 'a', 'upfollow', 'e', 'tiagolirax', 'rumo', 'ao', '2000follow']"
362,2009-10-06 10:57:57,"['quer', 'aumentar', 'seu', 'seguidor', 'rápido', 'siga', 'o', 'querofollow', 'e', 'leia', 'as', 'instruçõ', 'centena', 'de', 'pessoa', 'te', 'seguirão', 'em', 'poko', 'minuto']"
363,2009-10-06 10:23:04,"['estou', 'procurando', 'materi', 'para', 'montar', 'uma', 'nova', 'palestra', 'sobr', 'motivação']"
364,2009-10-06 10:08:01,"['bom', 'dia', 'twitteiro', 'mai', 'um', 'dia', 'de', 'super', 'calor', 'começando', 'no', 'msquem', 'sabe', 'hj', 'vem', 'a', 'tal', 'chuva']"
365,2009-10-05 13:29:32,"['vou', 'fazer', 'uma', 'pequena', 'obrigaçõ', 'domésticasvolto', 'mai', 'tard']"
366,2009-10-05 13:21:03,"['bom', 'dia', 'a', 'todo', 'especificament', 'no', 'ms', 'previsão', 'de', 'mai', 'um', 'dia', 'de', 'sol', 'escaldant']"
367,2009-10-04 21:37:49,"['quero', 'aumentar', 'meu', 'seguidor', 'em', 'pouco', 'tempo', 'siga', 'a', 'follow', 'e', 'leia', 'as', 'instruçõ']"
368,2009-10-04 21:31:54,"['não', 'foss', 'pelo', 'postsmeu', 'dia', 'estaria', 'um', 'tédio', 'completo']"
369,2009-10-04 19:53:27,"['nossaum', 'baita', 'calornada', 'muito', 'interessant', 'na', 'tvsaudad', 'do', 'meu', 'maridoqu', 'bom', 'que', 'ele', 'já', 'tá', 'voltando']"
